2022-11-15 09:09:30 60 0 0 338 270 346 98 5 ok
2022-11-15 09:09:28 60 0 0 337 269 345 98 5 ok
2022-11-15 09:09:26 60 0 0 337 269 345 98 5 ok
2022-11-15 09:09:24 60 0 0 338 269 345 97 5 ok
2022-11-15 09:09:22 60 0 0 337 269 345 96 5 ok
2022-11-15 09:09:20 60 0 0 337 269 345 96 5 ok
2022-11-15 09:09:18 60 0 0 337 269 345 95 5 ok
2022-11-15 09:09:16 60 0 0 338 270 346 94 5 ok
2022-11-15 09:09:14 60 0 0 337 269 345 93 5 ok
2022-11-15 09:09:12 60 0 0 337 269 345 93 5 ok
2022-11-15 09:09:10 60 0 0 337 270 346 92 5 ok
2022-11-15 09:09:08 60 0 0 338 269 345 91 5 ok
2022-11-15 09:09:06 60 0 0 338 269 346 90 5 ok
2022-11-15 09:09:04 60 0 0 338 269 346 90 5 ok
2022-11-15 09:09:02 60 0 0 338 269 345 89 5 ok
2022-11-15 09:09:00 60 0 0 337 269 346 88 5 ok
2022-11-15 09:08:58 60 0 0 338 270 346 87 5 ok
2022-11-15 09:08:56 60 0 0 337 269 345 85 5 ok
2022-11-15 09:08:54 60 0 0 338 270 345 84 5 ok
2022-11-15 09:08:53 60 0 0 337 269 345 84 5 ok
2022-11-15 09:08:50 60 0 0 337 269 345 83 5 ok
2022-11-15 09:08:48 60 0 0 337 269 345 82 5 ok
2022-11-15 09:08:46 60 0 0 338 269 346 81 5 ok
2022-11-15 09:08:44 60 0 0 338 269 345 80 5 ok
2022-11-15 09:08:42 60 0 0 338 269 345 79 5 ok
2022-11-15 09:08:40 60 0 0 337 269 345 78 5 ok
2022-11-15 09:08:38 60 0 0 338 269 345 78 5 ok
2022-11-15 09:08:36 60 0 0 338 269 345 77 5 ok
2022-11-15 09:08:34 60 0 0 338 269 345 77 5 ok
2022-11-15 09:08:32 60 0 0 338 269 345 76 5 ok
2022-11-15 09:08:30 60 0 0 338 269 346 75 5 ok
2022-11-15 09:08:28 60 0 0 337 269 345 74 5 ok
2022-11-15 09:08:26 60 0 0 337 269 345 73 5 ok
2022-11-15 09:08:24 60 0 0 337 269 345 72 5 ok
2022-11-15 09:08:22 60 0 0 337 269 345 71 5 ok
2022-11-15 09:08:20 60 0 0 337 269 345 71 5 ok
2022-11-15 09:08:18 60 0 0 337 269 345 69 5 ok
2022-11-15 09:08:17 60 0 0 338 269 345 68 5 ok
2022-11-15 09:08:15 60 0 0 339 271 348 67 5 ok
2022-11-15 09:08:13 60 0 0 337 269 345 67 5 ok
2022-11-15 09:08:11 60 0 0 337 269 345 66 5 ok
2022-11-15 09:08:09 60 0 0 338 269 345 65 5 ok
2022-11-15 09:08:07 60 0 0 337 269 345 64 5 ok
2022-11-15 09:08:05 60 0 0 337 269 345 64 5 ok
2022-11-15 09:08:03 60 0 0 337 269 345 63 5 ok
2022-11-15 09:08:01 60 0 0 337 269 345 62 5 ok
2022-11-15 09:07:59 60 0 0 337 269 345 61 5 ok
2022-11-15 09:07:57 60 0 0 337 269 346 60 5 ok
2022-11-15 09:07:55 60 0 0 338 270 345 60 5 ok
2022-11-15 09:07:53 60 0 0 337 269 345 59 5 ok
2022-11-15 09:07:51 60 0 0 337 269 345 58 5 ok
2022-11-15 09:07:49 60 0 0 337 269 345 58 5 ok
2022-11-15 09:07:47 60 0 0 337 269 345 56 5 ok
2022-11-15 09:07:45 60 0 0 337 269 345 56 5 ok
2022-11-15 09:07:43 60 0 0 337 269 345 55 5 ok
2022-11-15 09:07:41 60 0 0 337 269 345 53 5 ok
2022-11-15 09:07:39 60 0 0 337 269 345 53 5 ok
2022-11-15 09:07:37 60 0 0 337 269 345 52 5 ok
2022-11-15 09:07:35 60 0 0 337 269 345 52 5 ok
2022-11-15 09:07:33 60 0 0 337 269 345 52 5 ok
2022-11-15 09:07:31 60 0 0 337 269 345 50 5 ok
2022-11-15 09:07:29 60 0 0 337 269 345 50 5 ok
2022-11-15 09:07:26 60 0 0 337 269 345 49 5 ok
2022-11-15 09:07:24 60 0 0 337 269 345 49 5 ok
2022-11-15 09:07:22 60 0 0 337 269 345 48 5 ok
2022-11-15 09:07:20 60 0 0 337 269 345 47 5 ok
2022-11-15 09:07:18 60 0 0 337 269 345 46 5 ok
2022-11-15 09:07:16 60 0 0 337 269 345 45 5 ok
2022-11-15 09:07:15 60 0 0 338 270 345 44 5 ok
2022-11-15 09:07:13 60 0 0 337 269 345 43 5 ok
2022-11-15 09:07:11 60 0 0 338 269 345 42 5 ok
2022-11-15 09:07:09 60 0 0 337 269 345 41 5 ok
2022-11-15 09:07:07 60 0 0 338 270 346 40 5 ok
2022-11-15 09:07:05 60 0 0 337 269 345 39 5 ok
2022-11-15 09:07:03 60 0 0 337 269 345 39 5 ok
2022-11-15 09:07:01 60 0 0 337 269 345 38 5 ok
2022-11-15 09:06:59 60 0 0 337 269 346 37 5 ok
2022-11-15 09:06:57 60 0 0 337 269 345 36 5 ok
2022-11-15 09:06:55 60 0 0 337 269 345 36 5 ok
2022-11-15 09:06:53 60 0 0 337 269 345 34 5 ok
2022-11-15 09:06:51 60 0 0 337 269 345 34 5 ok
2022-11-15 09:06:49 60 0 0 337 269 345 32 5 ok
2022-11-15 09:06:47 60 0 0 337 269 345 31 5 ok
2022-11-15 09:06:45 60 0 0 337 269 345 31 5 ok
2022-11-15 09:06:43 60 0 0 337 269 345 31 5 ok
2022-11-15 09:06:41 60 0 0 337 269 345 31 5 ok
2022-11-15 09:06:39 60 0 0 337 269 345 30 5 ok
2022-11-15 09:06:37 60 0 0 337 269 345 30 5 ok
2022-11-15 09:06:34 60 0 0 337 269 345 29 5 ok
2022-11-15 09:06:33 60 0 0 337 269 345 28 5 ok
2022-11-15 09:06:31 60 0 0 338 270 345 27 5 ok
2022-11-15 09:06:29 60 0 0 338 269 345 26 5 ok
2022-11-15 09:06:27 60 0 0 338 270 346 25 5 ok
2022-11-15 09:06:25 60 0 0 337 269 346 24 5 ok
2022-11-15 09:06:23 60 0 0 337 269 345 23 5 ok
2022-11-15 09:06:21 60 0 0 337 269 345 23 5 ok
2022-11-15 09:06:19 60 0 0 337 269 345 22 5 ok
2022-11-15 09:06:17 60 0 0 338 269 345 21 5 ok
2022-11-15 09:06:15 60 0 0 337 269 345 20 5 ok
2022-11-15 09:06:13 60 0 0 337 269 345 19 5 ok
2022-11-15 09:06:11 60 0 0 339 271 347 18 5 ok
2022-11-15 09:06:09 60 0 0 337 269 345 17 5 ok
2022-11-15 09:06:07 60 0 0 337 269 345 17 5 ok
2022-11-15 09:06:05 60 0 0 336 267 345 15 5 ok
2022-11-15 09:06:04 60 0 0 337 269 345 14 5 ok
2022-11-15 09:06:02 60 0 0 337 269 345 13 5 ok
2022-11-15 09:06:00 60 0 0 337 269 345 12 5 ok
2022-11-15 09:05:58 60 0 0 337 269 345 11 5 ok
2022-11-15 09:05:56 60 0 0 338 269 345 11 5 ok
2022-11-15 09:05:54 60 0 0 337 269 345 10 5 ok
2022-11-15 09:05:52 60 0 0 337 269 345 9 5 ok
2022-11-15 09:05:50 60 0 0 337 269 345 8 5 ok
2022-11-15 09:05:48 60 0 0 337 269 345 8 5 ok
2022-11-15 09:05:46 60 0 0 337 269 345 7 5 ok
2022-11-15 09:05:44 60 0 0 337 269 345 6 5 ok
2022-11-15 09:05:42 60 0 0 337 269 345 6 5 ok
2022-11-15 09:05:40 60 0 0 337 269 345 4 5 ok
2022-11-15 09:05:38 60 0 0 337 269 345 4 5 ok
2022-11-15 09:05:36 60 0 0 337 269 345 2 5 ok
2022-11-15 09:05:34 60 0 0 337 269 345 1 5 ok
2022-11-15 09:05:32 60 0 0 337 269 345 1 5 ok
2022-11-15 09:05:30 60 0 0 338 268 346 0 5 ok
2022-11-15 09:05:28 60 0 0 344 407 352 99 4 ok
2022-11-15 09:03:55 60 0 0 344 408 351 98 4 ok
2022-11-15 09:03:53 60 0 0 344 407 352 98 4 ok
2022-11-15 09:03:51 60 0 0 344 407 351 97 4 ok
2022-11-15 09:03:49 60 0 0 344 407 351 96 4 ok
2022-11-15 09:03:47 60 0 0 344 408 351 95 4 ok
2022-11-15 09:03:45 60 0 0 344 407 351 94 4 ok
2022-11-15 09:03:43 60 0 0 344 407 351 94 4 ok
2022-11-15 09:03:41 60 0 0 344 407 352 93 4 ok
2022-11-15 09:03:39 60 0 0 344 407 352 93 4 ok
2022-11-15 09:03:37 60 0 0 344 408 352 91 4 ok
2022-11-15 09:03:35 60 0 0 344 407 351 90 4 ok
2022-11-15 09:03:33 60 0 0 344 407 351 89 4 ok
2022-11-15 09:03:31 60 0 0 344 407 352 88 4 ok
2022-11-15 09:03:29 60 0 0 345 409 352 87 4 ok
2022-11-15 09:03:27 60 0 0 344 408 352 86 4 ok
2022-11-15 09:03:25 60 0 0 344 408 352 86 4 ok
2022-11-15 09:03:23 60 0 0 344 407 351 84 4 ok
2022-11-15 09:03:21 60 0 0 344 407 351 83 4 ok
2022-11-15 09:03:19 60 0 0 344 407 351 82 4 ok
2022-11-15 09:03:18 60 0 0 344 407 351 81 4 ok
2022-11-15 09:03:16 60 0 0 344 407 351 80 4 ok
2022-11-15 09:03:14 60 0 0 344 408 352 79 4 ok
2022-11-15 09:03:12 60 0 0 344 408 352 79 4 ok
2022-11-15 09:03:10 60 0 0 344 407 351 77 4 ok
2022-11-15 09:03:08 60 0 0 344 407 351 77 4 ok
2022-11-15 09:03:06 60 0 0 344 407 351 76 4 ok
2022-11-15 09:03:04 60 0 0 344 408 351 75 4 ok
2022-11-15 09:03:02 60 0 0 344 408 351 74 4 ok
2022-11-15 09:03:00 60 0 0 344 408 352 73 4 ok
2022-11-15 09:02:58 60 0 0 344 408 352 73 4 ok
2022-11-15 09:02:56 60 0 0 344 408 351 71 4 ok
2022-11-15 09:02:54 60 0 0 344 408 352 70 4 ok
2022-11-15 09:02:52 60 0 0 344 407 352 69 4 ok
2022-11-15 09:02:50 60 0 0 345 408 352 68 4 ok
2022-11-15 09:02:48 60 0 0 344 408 352 67 4 ok
2022-11-15 09:02:47 60 0 0 344 407 352 66 4 ok
2022-11-15 09:02:45 60 0 0 344 407 352 66 4 ok
2022-11-15 09:02:43 60 0 0 345 407 353 64 4 ok
2022-11-15 09:02:41 60 0 0 344 407 351 63 4 ok
2022-11-15 09:02:39 60 0 0 344 408 351 63 4 ok
2022-11-15 09:02:37 60 0 0 344 408 351 62 4 ok
2022-11-15 09:02:35 60 0 0 344 407 351 61 4 ok
2022-11-15 09:02:33 60 0 0 344 408 351 61 4 ok
2022-11-15 09:02:31 60 0 0 344 407 351 60 4 ok
2022-11-15 09:02:29 60 0 0 344 408 351 59 4 ok
2022-11-15 09:02:27 60 0 0 344 407 351 59 4 ok
2022-11-15 09:02:25 60 0 0 344 408 351 58 4 ok
2022-11-15 09:02:23 60 0 0 344 408 351 57 4 ok
2022-11-15 09:02:21 60 0 0 344 408 352 56 4 ok
2022-11-15 09:02:19 60 0 0 344 407 351 56 4 ok
2022-11-15 09:02:17 60 0 0 344 407 351 56 4 ok
2022-11-15 09:02:15 60 0 0 344 408 351 54 4 ok
2022-11-15 09:02:13 60 0 0 344 408 351 53 4 ok
2022-11-15 09:02:11 60 0 0 344 407 351 52 4 ok
2022-11-15 09:02:09 60 0 0 344 408 352 52 4 ok
2022-11-15 09:02:07 60 0 0 344 408 352 52 4 ok
2022-11-15 09:02:05 60 0 0 344 407 352 50 4 ok
2022-11-15 09:02:03 60 0 0 344 407 352 49 4 ok
2022-11-15 09:02:01 60 0 0 344 407 352 49 4 ok
2022-11-15 09:01:59 60 0 0 344 407 351 48 4 ok
2022-11-15 09:01:57 60 0 0 345 408 352 47 4 ok
2022-11-15 09:01:55 60 0 0 344 407 352 46 4 ok
2022-11-15 09:01:53 60 0 0 345 408 351 46 4 ok
2022-11-15 09:01:51 60 0 0 344 407 352 45 4 ok
2022-11-15 09:01:49 60 0 0 344 407 351 44 4 ok
2022-11-15 09:01:47 60 0 0 344 407 351 44 4 ok
2022-11-15 09:01:45 60 0 0 344 408 351 42 4 ok
2022-11-15 09:01:43 60 0 0 344 407 351 42 4 ok
2022-11-15 09:01:41 60 0 0 344 407 351 41 4 ok
2022-11-15 09:01:39 60 0 0 344 407 351 40 4 ok
2022-11-15 09:01:37 60 0 0 344 407 351 40 4 ok
2022-11-15 09:01:35 60 0 0 344 412 351 38 4 ok
2022-11-15 09:01:33 60 0 0 344 412 351 38 4 ok
2022-11-15 09:01:31 60 0 0 344 407 351 37 4 ok
2022-11-15 09:01:29 60 0 0 344 407 351 35 4 ok
2022-11-15 09:01:27 60 0 0 344 408 352 34 4 ok
2022-11-15 09:01:25 60 0 0 344 407 351 33 4 ok
2022-11-15 09:01:23 60 0 0 344 407 351 32 4 ok
2022-11-15 09:01:21 60 0 0 344 407 351 31 4 ok
2022-11-15 09:01:19 60 0 0 344 407 351 30 4 ok
2022-11-15 09:01:18 60 0 0 344 407 351 30 4 ok
2022-11-15 09:01:16 60 0 0 345 408 352 28 4 ok
2022-11-15 09:01:14 60 0 0 344 408 351 27 4 ok
2022-11-15 09:01:12 60 0 0 344 408 351 27 4 ok
2022-11-15 09:01:10 60 0 0 344 407 351 26 4 ok
2022-11-15 09:01:07 60 0 0 344 407 351 25 4 ok
2022-11-15 09:01:06 60 0 0 344 408 351 24 4 ok
2022-11-15 09:01:04 60 0 0 344 407 351 23 4 ok
2022-11-15 09:01:02 60 0 0 344 407 352 22 4 ok
2022-11-15 09:01:00 60 0 0 344 408 351 21 4 ok
2022-11-15 09:00:58 60 0 0 344 407 351 20 4 ok
2022-11-15 09:00:56 60 0 0 344 407 351 19 4 ok
2022-11-15 09:00:54 60 0 0 344 408 351 18 4 ok
2022-11-15 09:00:52 60 0 0 344 408 351 17 4 ok
2022-11-15 09:00:50 60 0 0 344 408 351 16 4 ok
2022-11-15 09:00:48 60 0 0 344 408 351 15 4 ok
2022-11-15 09:00:47 60 0 0 344 407 351 14 4 ok
2022-11-15 09:00:45 60 0 0 343 407 351 14 4 ok
2022-11-15 09:00:42 60 0 0 343 407 351 14 4 ok
2022-11-15 09:00:40 60 0 0 344 407 351 12 4 ok
2022-11-15 09:00:39 60 0 0 344 408 351 12 4 ok
2022-11-15 09:00:36 60 0 0 344 407 351 11 4 ok
2022-11-15 09:00:34 60 0 0 344 407 351 10 4 ok
2022-11-15 09:00:32 60 0 0 344 407 351 10 4 ok
2022-11-15 09:00:30 60 0 0 344 408 351 9 4 ok
2022-11-15 09:00:28 60 0 0 344 408 351 9 4 ok
2022-11-15 09:00:26 60 0 0 344 407 351 7 4 ok
2022-11-15 09:00:24 60 0 0 344 408 351 6 4 ok
2022-11-15 09:00:23 60 0 0 344 408 351 5 4 ok
2022-11-15 09:00:21 60 0 0 344 408 352 4 4 ok
2022-11-15 09:00:19 60 0 0 345 409 352 3 4 ok
2022-11-15 09:00:17 60 0 0 344 408 351 3 4 ok
2022-11-15 09:00:15 60 0 0 344 408 352 2 4 ok
2022-11-15 09:00:13 60 0 0 344 408 352 2 4 ok
2022-11-15 09:00:11 60 0 0 344 407 351 1 4 ok
2022-11-15 09:00:08 60 0 0 344 407 351 1 4 ok
2022-11-15 09:00:06 60 0 0 344 407 351 1 4 ok
2022-11-15 09:00:04 60 0 0 344 407 351 1 4 ok
2022-11-15 09:00:02 60 0 0 345 407 351 0 4 ok
2022-11-15 09:00:00 60 0 0 272 339 341 99 3 ok
2022-11-15 08:56:58 60 0 0 272 339 341 98 3 ok
2022-11-15 08:56:56 60 0 0 273 339 341 97 3 ok
2022-11-15 08:56:54 60 0 0 273 339 341 96 3 ok
2022-11-15 08:56:52 60 0 0 273 339 341 95 3 ok
2022-11-15 08:56:50 60 0 0 272 339 341 94 3 ok
2022-11-15 08:56:48 60 0 0 272 339 341 93 3 ok
2022-11-15 08:56:47 60 0 0 272 339 341 93 3 ok
2022-11-15 08:56:46 60 0 0 273 340 341 91 3 ok
2022-11-15 08:56:43 60 0 0 272 339 341 90 3 ok
2022-11-15 08:56:41 60 0 0 273 339 341 89 3 ok
2022-11-15 08:56:39 60 0 0 272 339 341 88 3 ok
2022-11-15 08:56:37 60 0 0 272 339 341 88 3 ok
2022-11-15 08:56:35 60 0 0 273 339 341 86 3 ok
2022-11-15 08:56:31 60 0 0 273 339 341 85 3 ok
2022-11-15 08:56:29 60 0 0 272 339 341 85 3 ok
2022-11-15 08:56:28 60 0 0 274 341 343 84 3 ok
2022-11-15 08:56:25 60 0 0 272 339 341 83 3 ok
2022-11-15 08:56:23 60 0 0 273 339 341 82 3 ok
2022-11-15 08:56:21 60 0 0 272 339 341 82 3 ok
2022-11-15 08:56:19 60 0 0 272 339 341 81 3 ok
2022-11-15 08:56:17 60 0 0 272 339 341 81 3 ok
2022-11-15 08:56:15 60 0 0 272 339 341 79 3 ok
2022-11-15 08:56:13 60 0 0 273 340 342 78 3 ok
2022-11-15 08:56:11 60 0 0 272 339 341 77 3 ok
2022-11-15 08:56:09 60 0 0 273 339 341 76 3 ok
2022-11-15 08:56:07 60 0 0 273 339 341 76 3 ok
2022-11-15 08:56:05 60 0 0 273 339 341 74 3 ok
2022-11-15 08:56:04 60 0 0 273 339 341 73 3 ok
2022-11-15 08:56:02 60 0 0 273 339 341 73 3 ok
2022-11-15 08:55:59 60 0 0 273 339 341 72 3 ok
2022-11-15 08:55:58 60 0 0 272 339 341 71 3 ok
2022-11-15 08:55:56 60 0 0 272 339 341 71 3 ok
2022-11-15 08:55:54 60 0 0 272 339 341 69 3 ok
2022-11-15 08:55:52 60 0 0 273 339 341 68 3 ok
2022-11-15 08:55:50 60 0 0 272 339 341 67 3 ok
2022-11-15 08:55:48 60 0 0 273 339 341 67 3 ok
2022-11-15 08:55:45 60 0 0 273 339 341 65 3 ok
2022-11-15 08:55:43 60 0 0 273 339 341 65 3 ok
2022-11-15 08:55:41 60 0 0 273 339 341 65 3 ok
2022-11-15 08:55:39 60 0 0 272 340 341 65 3 ok
2022-11-15 08:55:37 60 0 0 273 339 341 63 3 ok
2022-11-15 08:55:35 60 0 0 273 340 341 62 3 ok
2022-11-15 08:55:33 60 0 0 273 339 341 61 3 ok
2022-11-15 08:55:31 60 0 0 273 340 341 61 3 ok
2022-11-15 08:55:29 60 0 0 273 340 341 61 3 ok
2022-11-15 08:55:27 60 0 0 273 339 341 59 3 ok
2022-11-15 08:55:25 60 0 0 273 339 341 59 3 ok
2022-11-15 08:55:23 60 0 0 273 340 341 57 3 ok
2022-11-15 08:55:21 60 0 0 273 339 341 56 3 ok
2022-11-15 08:55:19 60 0 0 273 339 341 55 3 ok
2022-11-15 08:55:17 60 0 0 273 339 341 54 3 ok
2022-11-15 08:55:15 60 0 0 273 339 341 53 3 ok
2022-11-15 08:55:13 60 0 0 273 339 341 52 3 ok
2022-11-15 08:55:12 60 0 0 273 339 341 52 3 ok
2022-11-15 08:55:10 60 0 0 272 339 341 50 3 ok
2022-11-15 08:55:08 60 0 0 273 340 342 49 3 ok
2022-11-15 08:55:06 60 0 0 273 339 341 48 3 ok
